task_1
-4.0
[0, 4.0, 0.0, 0]
____________________________________________________________________________________________________
task_2
-10.0
[4.0, 2.0, 0, 0, 2.0]
____________________________________________________________________________________________________
task_3
-6.0
[2.0, 2.0, 0, 0]
____________________________________________________________________________________________________
task_4
-11.0
[3.0, 2.0, 4.0, 0, 0]
____________________________________________________________________________________________________
task_5
-10.0
[4.0, 0, 0, 1.0000000000000009, 7.000000000000002]
____________________________________________________________________________________________________
task_6
-3.999999999999999
[1.0000000000000002, 0, 1.0, 0]
____________________________________________________________________________________________________
task_7
-3.0
[2.3333333333333335, 0, 0, 0.6666666666666666]
____________________________________________________________________________________________________
task_8
9.999999999999986
[9.999999999999993, 0.0, 0, 0, 9.99999999999999]
____________________________________________________________________________________________________