2 8 289.097
2 13 634.325
2 15 254.598
2 19 679.511
2 34 80.815
2 35 388.76
2 38 973.645
0 14 732.102
0 22 331.637
1 12 1291.618
1 36 15.434
3 18 2787.751
3 20 182.844
3 28 549.852
3 31 720.365
3 40 574.48
4 12 625.091
4 13 898.226
4 21 437.491
4 26 842.04
6 14 803.629
6 22 247.538
6 30 386.744
6 39 1003.306
22 14 704.72
15 7 353.407
15 30 829.736
15 34 221.53
15 35 459.883
15 40 1144.672
13 8 345.291
13 9 444.052
13 12 1069.216
13 21 786.472
13 26 682.093
13 28 570.094
13 38 1073.473
14 39 1552.234
36 12 1280.277
36 29 679.952
18 10 3130.314
18 20 2719.948
18 31 3671.148
20 28 447.35
20 31 905.49
19 38 316.096
21 12 383.665
23 30 577.867
23 40 453.217
27 37 530.685
27 31 2119.198
28 8 692.333
28 31 1291.812
28 34 661.479
28 40 788.172
30 40 916.516
34 40 1344.282
34 8 334.073
35 7 166.0
40 31 869.503
12 38 559.571
7 5 401.017
10 31 1055.229
17 25 316.459
17 0 250.462
17 22 91.35
17 33 361.941
25 7 735.593
25 5 224.905
25 33 470.575
25 0 158.703
33 15 370.217
33 30 629.057
33 6 473.939
33 22 432.567
33 5 384.996
33 7 393.763
41 16 6.3
16 12 1420
16 32 330
16 35 752
16 38 925
24 12 954
27 11 978
11 37 480
11 31 1121
2 16 1123